2026-04-29T19:07:26.7092406Z ##[group]Run actions/upload-artifact@043fb46d1a93c77aae656e7c1c64a875d1fc6a0a
2026-04-29T19:07:26.7092881Z with:
2026-04-29T19:07:26.7093055Z   name: activation
2026-04-29T19:07:26.7093519Z   path: /tmp/gh-aw/aw_info.json
/tmp/gh-aw/aw-prompts/prompt.txt
/tmp/gh-aw/github_rate_limits.jsonl
/tmp/gh-aw/base

2026-04-29T19:07:26.7094073Z   if-no-files-found: ignore
2026-04-29T19:07:26.7094297Z   retention-days: 1
2026-04-29T19:07:26.7094494Z   compression-level: 6
2026-04-29T19:07:26.7094686Z   overwrite: false
2026-04-29T19:07:26.7094880Z   include-hidden-files: false
2026-04-29T19:07:26.7095090Z   archive: true
2026-04-29T19:07:26.7095258Z env:
2026-04-29T19:07:26.7108030Z   GH_AW_MODEL_MULTIPLIERS: {
  "version": "1",
  "description": "Effective Tokens (ET) computation data per the gh-aw Effective Tokens Specification v0.2.0. Token class weights are applied first to normalize across token classes, then the per-model multiplier scales the result relative to the reference model.",
  "reference_model": "claude-sonnet-4.5",
  "token_class_weights": {
    "input": 1.0,
    "cached_input": 0.1,
    "output": 4.0,
    "reasoning": 4.0,
    "cache_write": 1.0
  },
  "multipliers": {
    "claude-haiku-4.5": 0.1,
    "claude-3-5-haiku": 0.1,
    "claude-3-haiku": 0.1,
    "claude-sonnet-4.5": 1.0,
    "claude-sonnet-4.6": 1.0,
    "claude-3-5-sonnet": 1.0,
    "claude-3-7-sonnet": 1.0,
    "claude-3-sonnet": 1.0,
    "claude-opus-4.5": 5.0,
    "claude-opus-4.6": 5.0,
    "claude-3-5-opus": 5.0,
    "claude-3-opus": 5.0,
    "gpt-4o": 1.0,
    "gpt-4o-mini": 0.1,
    "gpt-4.1": 1.0,
    "gpt-4.1-2025-04-14": 1.0,
    "gpt-41-copilot": 1.0,
    "gpt-4.1-mini": 0.1,
    "gpt-4.1-nano": 0.05,
    "gpt-4-turbo": 1.0,
    "gpt-4": 1.0,
    "gpt-5": 1.0,
    "gpt-5-mini": 0,
    "gpt-5.1": 1.0,
    "gpt-5.1-codex": 1.0,
    "gpt-5.1-codex-mini": 0.33,
    "gpt-5.1-codex-max": 1.0,
    "gpt-5.2": 1.0,
    "gpt-5.2-codex": 1.0,
    "gpt-5.3-codex": 1.0,
    "gpt-5.4": 1.0,
    "gpt-5.4-mini": 0.33,
    "o1": 3.0,
    "o1-mini": 0.5,
    "o1-pro": 10.0,
    "o3": 3.0,
    "o3-mini": 0.5,
    "o4-mini": 0.5,
    "gemini-2.5-pro": 1.0,
    "gemini-2.5-flash": 0.2,
    "gemini-2.0-flash": 0.1,
    "gemini-1.5-pro": 1.0,
    "gemini-1.5-flash": 0.1
  }
}
2026-04-29T19:07:26.7124800Z   GITHUB_AW_OTEL_TRACE_ID: aeddfc875c93f2e969d6e7590a457ab3
2026-04-29T19:07:26.7125169Z   GITHUB_AW_OTEL_PARENT_SPAN_ID: 821d64e1eb93fafa
2026-04-29T19:07:26.7125457Z   GITHUB_AW_OTEL_JOB_START_MS: 1777489633855
2026-04-29T19:07:26.7125703Z ##[endgroup]
2026-04-29T19:07:26.9667239Z Multiple search paths detected. Calculating the least common ancestor of all paths
2026-04-29T19:07:26.9691496Z The least common ancestor is /tmp/gh-aw. This will be the root directory of the artifact
2026-04-29T19:07:26.9695345Z With the provided path, there will be 3 files uploaded
2026-04-29T19:07:26.9708161Z Artifact name is valid!
2026-04-29T19:07:26.9711616Z Root directory input is valid!
2026-04-29T19:07:27.1224560Z Uploading artifact: activation.zip
2026-04-29T19:07:27.1323401Z Beginning upload of artifact content to blob storage
2026-04-29T19:07:27.3203814Z Uploaded bytes 4797
2026-04-29T19:07:27.3589316Z Finished uploading artifact content to blob storage!
2026-04-29T19:07:27.3613816Z SHA256 digest of uploaded artifact is c6bb4df7c39b50f0a5542ea663b8230ada4b14950d99c1cc8c8fd25e38172809
2026-04-29T19:07:27.3620869Z Finalizing artifact upload
2026-04-29T19:07:27.5655679Z Artifact activation successfully finalized. Artifact ID 6715526797
2026-04-29T19:07:27.5656317Z Artifact activation has been successfully uploaded! Final size is 4797 bytes. Artifact ID is 6715526797
2026-04-29T19:07:27.5657057Z Artifact download URL: https://github.com/invokable/laravel-fullfeed/actions/runs/25128117684/artifacts/6715526797
